7.101760149002075
7.069525957107544
7.353463411331177
7.095071792602539
7.03562593460083
7.05047869682312
7.043974161148071
7.154382228851318
7.3013739585876465
8.503215551376343
9.539417505264282
7.141610383987427
7.047623634338379
7.09726095199585
7.12536096572876
7.169314622879028
7.113275527954102
7.220005989074707
7.110501289367676
7.109965562820435
7.053407907485962
7.126087188720703
7.052848815917969
7.12104606628418
7.198551416397095
7.120802402496338
7.066208600997925
7.1339476108551025
7.147606134414673
7.143443584442139
7.143069744110107
7.363227605819702
7.036548376083374
7.0592241287231445
7.095961809158325
7.160562038421631
7.042599201202393
7.231364011764526
7.091603994369507
7.068181753158569
7.043713331222534
7.364392042160034
7.075439929962158
7.1854164600372314
7.1096086502075195
7.174966812133789
7.213833808898926
7.05886173248291
7.040088653564453
7.108649492263794
7.139893531799316
7.169816970825195
7.050821304321289
7.0869975090026855
7.128679990768433
7.128209352493286
7.108391523361206
7.222507476806641
7.153557062149048
7.134746789932251
7.058796405792236
7.05190634727478
7.076914548873901
7.112850904464722
7.043246746063232
7.137516498565674
7.220235347747803
7.158667802810669
7.0834572315216064
7.1405189037323
7.161994457244873
7.062607765197754
7.088819265365601
7.162835597991943
7.154318571090698
7.140360355377197
7.132837772369385
7.216814279556274
7.173266649246216
7.061898469924927
7.054102897644043
7.159656047821045
7.524126052856445
7.220348834991455
7.083964109420776
7.09049129486084
7.10299825668335
7.086012125015259
7.195555210113525
7.093364953994751
7.225522518157959
7.15365195274353
7.097118139266968
7.08359169960022
7.097519636154175
4.710240364074707
4.727787256240845
4.758834600448608
4.7403998374938965
4.772960186004639
4.777891635894775
4.741121530532837
4.729690313339233
4.730025053024292
4.721920728683472
4.729621171951294
4.727446556091309
4.797119855880737
4.792054653167725
4.763485908508301
4.821481943130493
4.846364974975586
4.763713598251343
4.746041536331177
4.7598254680633545
4.874188661575317
4.778087615966797
4.751702308654785
4.762234926223755
4.77388334274292
4.818211793899536
4.750679969787598
4.751184940338135
4.742424011230469
4.736368656158447
4.764389991760254
4.756246328353882
4.755805253982544
4.8012471199035645
4.7596776485443115
4.842490196228027
4.909193754196167
4.786573886871338
4.747796297073364
4.779461622238159
4.767810583114624
4.777851581573486
4.794265270233154
4.811925888061523
4.87261700630188
4.833555698394775
4.967339754104614
4.805759429931641
4.813093185424805
4.803146123886108
4.7716991901397705
4.800855875015259
4.809146881103516
5.017078399658203
4.8764328956604
4.856395483016968
4.868139982223511
4.7945029735565186
4.805162191390991
4.796868085861206
4.835454702377319
4.872363805770874
4.939746141433716
4.817105054855347
4.814721584320068
4.846297025680542
4.862195730209351
4.847864389419556
4.831210613250732
4.832201957702637
4.853577375411987
4.816525220870972
4.843600034713745
4.855991363525391
4.8554768562316895
4.930260181427002
4.933175325393677
4.861260652542114
4.845559120178223
4.840471982955933
4.968217134475708
4.953337907791138
4.862179517745972
4.902804374694824
4.838870048522949
4.810385227203369
5.345995187759399
4.779290199279785
4.842769622802734
4.828138828277588
4.8298280239105225
4.845747709274292
4.8877036571502686
4.84415602684021
4.834878921508789
5.0632383823394775
5.217617511749268
5.046002149581909
5.017073154449463
4.985699415206909
5.003366231918335
4.89236044883728
4.9051666259765625
4.943568468093872
5.525712966918945
5.644855499267578
5.295402526855469
5.899648904800415
6.63923192024231
6.613354444503784
5.443464756011963
5.86915135383606
6.107835292816162
5.561840772628784
5.53933572769165
5.724166631698608
5.658849239349365
5.556764125823975
5.505390167236328
6.889216899871826
5.655449867248535
5.669688940048218
5.47670841217041
5.452188491821289
5.574783802032471
5.644022464752197
5.3979504108428955
5.736021041870117
5.93103289604187
5.928978443145752
5.62726092338562
5.470465660095215
5.599849700927734
5.645793199539185
5.66714882850647
5.626806974411011
5.491673946380615
5.745957136154175
5.370982885360718
6.090732097625732
4.946655035018921
4.884947776794434
4.864396572113037
5.074941873550415
5.02500581741333
5.005199193954468
4.875163316726685
4.914324045181274
4.898879766464233
4.8868043422698975
4.874400854110718
4.854075908660889
4.8850696086883545
4.869390487670898
4.972149610519409
4.9748594760894775
4.895841598510742
4.914085865020752
5.064904451370239
4.921747446060181
4.91082501411438
4.979116916656494
4.8933188915252686
4.9567787647247314
4.8815741539001465
4.892324447631836
4.879353046417236
4.929915189743042
4.980431079864502
4.938311576843262
4.997636795043945
4.924851417541504
4.955569744110107
4.895304203033447
4.910553216934204
4.899992942810059
4.964192867279053
4.896121978759766
4.9119579792022705
4.948353052139282
4.962954044342041
4.91379714012146
4.917670011520386
5.018962860107422
4.961832523345947
4.979043483734131
4.957092761993408
5.03865385055542
4.988428592681885
5.0448243618011475
5.0008509159088135
4.922980785369873
4.9860053062438965
5.006654739379883
4.9744768142700195
4.9600348472595215
5.028674840927124
5.1205644607543945
5.001248121261597
4.940892457962036
4.9844489097595215
4.995229721069336
4.98634934425354
4.996947288513184
4.988683462142944
4.989388942718506
5.0274574756622314
4.989845514297485
4.985532283782959
4.977952241897583
4.985030174255371
4.992231130599976
5.001369953155518
5.005415201187134
4.9619529247283936
5.071473121643066
5.00153112411499
4.9582555294036865
5.004300832748413
5.01585578918457
5.022425889968872
5.106528282165527
5.02081823348999
5.040080308914185
4.9753334522247314
5.056457996368408
5.0144383907318115
5.02466344833374
4.99151611328125
5.032114505767822
4.985971212387085
4.98283314704895
4.985184669494629
5.063960790634155
5.114280462265015
5.0352184772491455
5.069030046463013
5.107145547866821
5.137285470962524
5.054710149765015
5.005028247833252
4.999379634857178
5.004827260971069
5.027040243148804
5.097822427749634
5.0444176197052
5.122855186462402
5.0509934425354
5.044871091842651
5.018454074859619
5.0142433643341064
5.02554726600647
5.076641321182251
5.074138164520264
5.088768720626831
6.254027605056763
5.2036521434783936
5.067348480224609
5.073950290679932
5.090044736862183
5.071635007858276
5.090274810791016
5.109247446060181
5.086251735687256
5.101341724395752
5.064418315887451
5.107408046722412
5.096238136291504
5.11400294303894
5.0888237953186035
5.070707559585571
5.066363573074341
5.080232858657837
5.067774534225464
5.075952529907227
5.233780145645142
5.097709655761719
5.08207631111145
5.07963228225708
5.157963514328003
25.1824312210083
25.03210759162903
25.289927005767822
25.191816806793213
25.262800216674805
25.21135449409485
25.237226963043213
25.050416231155396
25.302159547805786
24.958115816116333
25.093509912490845
7.5838401317596436
7.588346004486084
7.655491828918457
7.587882041931152
7.589350938796997
7.60371470451355
7.58569860458374
7.664027690887451
7.631288528442383
7.564593076705933
7.98382568359375
7.5439231395721436
7.558883905410767
7.559278249740601
7.625448703765869
7.629884243011475
7.579108953475952
7.596874952316284
7.542489767074585
7.659353971481323
7.602271556854248
7.666456699371338
7.617068767547607
7.550726413726807
7.616471529006958
7.535665988922119
7.556396722793579
7.74930477142334
7.694825172424316
7.642289400100708
7.634922027587891
7.666208028793335
10.20138955116272
7.802315711975098
7.6211206912994385
7.601621150970459
7.671380043029785
7.574420928955078
7.604835748672485
7.908909559249878
7.608356952667236
7.609976053237915
7.601688385009766
7.644093990325928
7.590755939483643
7.664735794067383
7.625729560852051
7.569380760192871
7.62450385093689
7.676895380020142
7.730664968490601
7.6288676261901855
7.62752628326416
7.6412904262542725
7.648631811141968
7.679153680801392
7.835355043411255
7.589222192764282
7.6947784423828125
7.582674503326416
7.710093259811401
7.664959192276001
7.641799688339233
7.703247308731079
7.7863991260528564
7.602296590805054
7.763729572296143
9.05705213546753
7.6655449867248535
7.574441432952881
7.669936418533325
7.6774609088897705
7.6551735401153564
7.558826446533203
7.546484470367432
7.624051570892334
7.844846487045288
7.751269578933716
7.777892827987671
7.669267892837524
7.60335373878479
7.666372299194336
7.659950017929077
7.598744630813599
7.731241226196289
7.610250473022461
7.5982301235198975
7.703967809677124
7.621813774108887
7.658380031585693
7.670162916183472
7.802199363708496
7.709116697311401
7.666003465652466
7.682619094848633
7.724224805831909
7.649055480957031
7.754682779312134
7.75171971321106
7.760161876678467
7.766419887542725
7.8143393993377686
7.717638969421387
7.7730255126953125
7.776848077774048
7.746464729309082
7.774657249450684
7.746849775314331
7.799875497817993
7.854143142700195
7.999629497528076
7.914375305175781
7.789247989654541
7.844422101974487
7.723046779632568
7.8428566455841064
7.789924383163452
7.76766037940979
7.794561147689819
7.741543292999268
7.740814924240112
7.715617895126343
7.8347485065460205
7.786569356918335
7.832736492156982
7.86302375793457
7.8648364543914795
7.800677537918091
7.7313549518585205
7.73490309715271
7.836262464523315
7.818228244781494
7.817981958389282
7.909210443496704
7.809355020523071
7.7376813888549805
7.746802091598511
7.834553241729736
7.84184193611145
7.8119471073150635
7.861296653747559
7.892739534378052
7.800374984741211
7.906818628311157
7.918108701705933
7.9396443367004395
7.866491317749023
7.856671333312988
8.02880334854126
7.865544557571411
7.847465515136719
7.809903144836426
7.869252681732178
7.827784061431885
7.7820563316345215
7.796724796295166
7.787224531173706
7.790722370147705
7.8680198192596436
7.857341527938843
7.870197296142578
7.937707185745239
7.8732664585113525
7.893158912658691
7.8583924770355225
7.877578258514404
7.91021466255188
7.909082412719727
7.895035743713379
7.949418067932129
7.89223575592041
7.932311296463013
7.926531076431274
7.969713926315308
8.402239561080933
7.910845994949341
7.860534429550171
7.899230241775513
7.964680194854736
7.992548704147339
7.8779144287109375
7.9375176429748535
8.009278535842896
7.986995697021484
7.990997314453125
7.93093466758728
7.947591781616211
7.962597370147705
8.016131162643433
7.996861457824707
7.991390705108643
7.952658176422119
7.920583009719849
7.980020046234131
7.97759222984314
7.95941424369812
7.934101581573486
7.898963212966919
8.246752738952637
8.152526140213013
7.973456859588623
7.988370656967163
8.014483451843262
7.98244309425354
7.9692230224609375
7.924073934555054
7.931319236755371
7.916915655136108
7.947611570358276
8.039507150650024
7.931009292602539
7.997838258743286
7.941539287567139
7.955649375915527
7.915102481842041
7.999458074569702
7.991404056549072
8.018060445785522
8.002668619155884
8.018292665481567
8.06369400024414
8.0042085647583
7.939475059509277
8.00353455543518
8.50325322151184
8.150932550430298
8.035874128341675
8.0390944480896
8.11794400215149
8.099461317062378
8.025556325912476
7.96369481086731
7.992268323898315
8.084137916564941
8.154600620269775
8.013034343719482
8.045673131942749
7.960342884063721
8.017788410186768
8.109541416168213
7.998709678649902
7.984339475631714
8.118002653121948
8.172089099884033
8.078818798065186
8.043196439743042
8.04994010925293
7.994012355804443
8.036500692367554
8.071496725082397
8.056112289428711
8.035921096801758
8.008746862411499
8.026813983917236
8.001221895217896
8.130365371704102
8.079888343811035
8.134754180908203
7.3509862422943115
7.374065160751343
7.369921922683716
7.3692309856414795
7.505046129226685
7.51880669593811
7.463120222091675
7.42683482170105
7.474006414413452
7.383338212966919
7.395621299743652
7.384393215179443
7.4373626708984375
7.383342027664185
7.459233045578003
7.438592433929443
7.465879201889038
7.443129777908325
7.440499305725098
7.456017732620239
7.449503660202026
7.539709568023682
7.458511590957642
7.454798460006714
7.47586464881897
7.461437225341797
7.552886724472046
7.467438220977783
7.470324516296387
7.495364427566528
7.561931371688843
7.453395128250122
7.4205732345581055
7.477975368499756
7.475358247756958
7.464400768280029
7.405206918716431
7.401543855667114
7.407311916351318
7.445378303527832
7.47763466835022
7.408654689788818
7.416255474090576
7.522903203964233
7.4943928718566895
7.490720272064209
7.541200876235962
7.545318126678467
7.59846830368042
7.570706605911255
7.476780414581299
7.430141448974609
7.620841979980469
7.460056304931641
7.591470718383789
7.568950414657593
7.490257024765015
7.442575454711914
7.501495122909546
7.518782138824463
7.4388651847839355
7.4228034019470215
7.574388027191162
7.447390794754028
7.621941804885864
7.8802008628845215
7.565646648406982
7.502408981323242
7.514625072479248
7.541220426559448
7.620775938034058
7.506833076477051
7.514720916748047
7.460740089416504
7.536113977432251
7.477423191070557
7.5071632862091064
7.524150848388672
7.593545436859131
7.565724611282349
7.493999481201172
7.493685245513916
7.566100835800171
7.847120523452759
7.648189544677734
7.483754396438599
7.539095640182495
7.501745939254761
7.5024847984313965
7.630285978317261
7.465601205825806
7.464497327804565
7.542738199234009
7.65763783454895
7.691915512084961
7.535826921463013
7.517459392547607
7.537564277648926
7.507693529129028
7.691044330596924
7.469033718109131
7.570820093154907
7.578949451446533
7.575807571411133
7.601161241531372
7.600578784942627
7.6053626537323
7.590350866317749
7.539641618728638
7.580206871032715
7.667383432388306
7.581749200820923
7.59421706199646
7.975727558135986
7.602431535720825
7.601765155792236
7.5888283252716064
7.627394199371338
7.8331403732299805
7.575396776199341
7.639039754867554
7.5596232414245605
7.5481791496276855
7.531469106674194
7.530516862869263
7.623112440109253
7.568840980529785
7.67887282371521
7.620654821395874
7.61741828918457
7.607069253921509
7.6291704177856445
7.672979116439819
7.632093667984009
7.5886876583099365
7.604623079299927
7.640382766723633
7.646310806274414
7.576151132583618
7.5946080684661865
7.689212799072266
7.700304746627808
7.621430158615112
7.628863096237183
7.568003416061401
7.682733058929443
7.665157794952393
7.619905233383179
7.616172552108765
7.651182413101196
7.571473121643066
7.632708311080933
7.6371471881866455
7.810091733932495
7.706892967224121
7.770798683166504
7.502676725387573
7.661072015762329
7.65526270866394
8.322208166122437
7.56438684463501
7.5579657554626465
7.590286016464233
7.620477676391602
7.6790266036987305
7.619619846343994
7.629474639892578
7.617849826812744
7.621067523956299
7.71430778503418
7.625211477279663
7.694831609725952
7.6355414390563965
7.708569049835205
7.659662246704102
7.641240835189819
7.735108852386475
7.589600086212158
7.657954931259155
7.55809211730957
7.643770217895508
7.585218667984009
8.092299222946167
7.581358432769775
7.578455924987793
7.7041261196136475
7.677191734313965
7.7717061042785645
7.714470148086548
7.603774547576904
7.572189569473267
7.575299263000488
7.586236476898193
7.662527561187744
7.626680850982666
7.69680380821228
7.83330774307251
7.79359245300293
7.629323482513428
7.658448696136475
7.648808002471924
7.591625213623047
7.8200531005859375
7.5948638916015625
7.7634313106536865
7.791016101837158
7.655625581741333
7.683065414428711
7.690849542617798
7.622121095657349
7.617408990859985
7.679574251174927
7.756715297698975
7.641025543212891
7.668319225311279
7.562285661697388
7.565116882324219
7.700481653213501
7.660118579864502
7.6506266593933105
7.657522201538086
7.635592937469482
7.70196533203125
7.723831415176392
7.587301731109619
7.619320392608643
7.7109055519104
8.01854920387268
7.664337873458862
7.672911167144775
7.733398199081421
7.65508770942688
7.664687395095825
7.640595436096191
7.658946752548218
7.714148283004761
7.732750177383423
7.653396368026733
7.665585994720459
7.612841606140137
7.68118953704834
7.5983521938323975
7.619747638702393
7.604754447937012
7.624250888824463
7.751807689666748
7.656558990478516
7.624295711517334
7.665898084640503
7.7777533531188965
7.622025012969971
7.654039621353149
7.644533395767212
7.683061838150024
7.693178176879883
7.733089447021484
7.688610792160034
7.753320217132568
7.85949969291687
7.742826223373413
7.7097814083099365
7.736525535583496
7.736215829849243
7.745986461639404
7.792736053466797
7.739034175872803
7.757247686386108
7.666004180908203
7.662708759307861
7.692081451416016
7.7045276165008545
8.231105089187622
7.669040679931641
7.7539942264556885
7.854536771774292
7.812193393707275
7.753093004226685
7.73111367225647
7.781703948974609
7.783113241195679
7.841998338699341
7.765974044799805
7.783321380615234
7.843245983123779
7.885632753372192
7.793649196624756
7.788309335708618
8.054595232009888
7.851818084716797
7.729324102401733
7.75869083404541
7.727679967880249
7.780343532562256
7.847128868103027
7.884342908859253
7.817339181900024
7.831512212753296
7.7920825481414795
7.776029348373413
7.751238584518433
7.817399978637695
7.827841281890869
7.736466646194458
7.748112678527832
7.941271781921387
7.8816163539886475
7.809799671173096
7.899319171905518
7.9794347286224365
7.898701190948486
7.789545059204102
7.792578458786011
7.7411558628082275
7.902016878128052
7.750695705413818
7.75653338432312
7.774991512298584
7.819658279418945
7.839351177215576
7.887087106704712
7.864251136779785
7.836954116821289
7.878770351409912
7.835946798324585
7.848140239715576
7.892961025238037
7.905240058898926
7.8646016120910645
7.844736099243164
7.791986703872681
7.841127872467041
7.7947306632995605
8.028280258178711
7.861726760864258
8.013612508773804
7.8878233432769775
7.818027973175049
7.901744842529297
7.820741176605225
7.815488576889038
7.840677499771118
8.01592755317688
7.987253665924072
7.902817487716675
7.89835262298584
7.85248875617981
8.006346940994263
7.936102867126465
7.885174512863159
7.862428188323975
9.690694570541382
7.993757247924805
7.930476903915405
7.924392223358154
8.057928323745728
22.66329526901245
22.637932062149048
22.647315740585327
22.68755269050598
22.83011531829834
22.584530115127563
22.65373992919922
22.930622100830078
22.6937198638916
22.732245683670044
22.6342613697052
22.54160785675049
22.763392210006714
22.70584726333618
22.693455934524536
22.656111240386963
22.802085876464844
22.822317600250244
22.639946460723877
22.70227289199829
19.424487590789795
18.985900163650513
19.003402709960938
18.87187385559082
18.849079608917236
18.85537552833557
18.889828205108643
18.989108562469482
18.910757780075073
18.93286967277527
18.97397470474243
18.989558696746826
19.44827675819397
18.87364912033081
18.85800075531006
18.774184942245483
19.04569435119629
18.848864316940308
18.83004379272461
18.97699737548828
18.79357647895813
19.126184940338135
18.814415216445923
18.95027470588684
18.89707374572754
18.883930683135986
19.016722917556763
19.083871603012085
19.000120162963867
18.81773853302002
19.00379490852356
18.853081464767456
18.85574221611023
18.787315845489502
18.865092515945435
19.10579013824463
19.083826303482056
18.848376512527466
18.846052885055542
18.996456384658813
18.919825077056885
18.89467167854309
18.783695459365845
18.921093225479126
19.096474170684814
18.91887140274048
19.197110891342163
18.8707377910614
19.029361486434937
18.75521469116211
18.83276057243347
19.142641067504883
18.977559089660645
18.845848321914673
18.825253009796143
18.83015465736389
18.926239490509033
18.905240058898926
18.844599962234497
18.818660497665405
19.045788049697876
18.84434986114502
19.118732452392578
18.810983896255493
18.953927516937256
19.019386053085327
18.98557448387146
19.11448335647583
18.819366455078125
19.012449026107788
18.820764780044556
18.95603322982788
18.825366020202637
18.992969512939453
19.108739852905273
18.766128540039062
19.19148302078247
19.088796615600586
19.141067266464233
19.025312900543213
18.934232234954834
18.96289348602295
18.90866494178772
19.078912258148193
18.87556767463684
18.996756076812744
18.805907249450684
19.251447200775146
18.903478145599365
18.8985652923584
18.89743208885193
18.915658235549927
21.014312982559204
18.851341247558594
18.942432165145874
18.84059977531433
19.165929555892944
18.809738874435425
19.16599440574646
18.835426092147827
19.122960090637207
18.98232889175415
18.828961610794067
19.70140814781189
19.058024168014526
19.109245777130127
19.087860107421875
19.017985343933105
19.08771824836731
19.03183627128601
19.039993286132812
18.93186593055725
21.214877128601074
18.966947555541992
19.235136032104492
19.017202138900757
19.18129301071167
18.949764490127563
19.18422555923462
19.098467588424683
18.52272605895996
18.740590572357178
18.757538318634033
18.694315195083618
18.63215970993042
18.6859290599823
18.632823944091797
18.714893579483032
18.710888147354126
18.667595863342285
18.763004779815674
18.678492307662964
19.106651306152344
18.900832653045654
18.63331890106201
18.577413082122803
18.629839181900024
18.958927869796753
18.89144802093506
18.763752698898315
18.887153387069702
18.74392056465149
18.64268207550049
18.577099561691284
18.822795629501343
18.73189353942871
18.825121879577637
18.673552751541138
19.345181226730347
18.813002586364746
18.69754695892334
18.658429861068726
18.61644196510315
18.620241165161133
18.596662521362305
18.756239891052246
18.700119018554688
18.864163160324097
18.620630025863647
19.067934274673462
18.752254009246826
19.004191875457764
18.68919038772583
18.800214052200317
18.769144773483276
18.754557609558105
18.94058918952942
18.75937819480896
18.671194553375244
18.577189922332764
18.64672565460205
18.55846929550171
18.61926794052124
18.957754850387573
18.71273398399353
18.82615089416504
18.611379623413086
18.9233877658844
18.613269567489624
18.803524255752563
18.72877597808838
18.74364924430847
19.229625940322876
18.61584973335266
18.66117811203003
18.75893807411194
18.78483819961548
18.657994508743286
18.835598945617676
18.771121740341187
18.732892513275146
18.895393133163452
18.632585287094116
18.884244918823242
18.87852120399475
18.819972038269043
18.755962133407593
18.771920204162598
18.82384157180786
18.724910020828247
18.676698446273804
18.604233503341675
18.77656388282776
18.60482382774353
19.23294997215271
18.854839086532593
18.966997623443604
8.18009901046753
8.335574865341187
8.308239221572876
8.384273290634155
8.27915620803833
8.279374599456787
8.407318353652954
8.287386417388916
8.304205656051636
8.36525583267212
8.37638235092163
8.357296466827393
8.300045728683472
8.351466417312622
8.339449405670166
8.304443597793579
8.336237907409668
8.49962592124939
8.399096965789795
8.386305809020996
8.554198980331421
8.399897813796997
8.389585018157959
8.386205196380615
8.46886944770813
8.537401676177979
8.410866975784302
8.54700255393982
8.572536706924438
8.483888149261475
8.495104312896729
8.697857856750488
8.498642444610596
8.552427053451538
8.529111385345459
8.58060336112976
8.5707106590271
8.434642791748047
8.518183946609497
8.452391862869263
8.51497745513916
8.541012287139893
8.668907880783081
8.5548734664917
8.535157203674316
8.5674307346344
8.459460496902466
8.49533200263977
8.555186748504639
8.645554065704346
8.559301853179932
8.507190227508545
8.507035493850708
8.478564977645874
8.48325514793396
8.49406123161316
8.631989240646362
8.483023881912231
8.502877950668335
8.586513042449951
8.54120945930481
8.663689851760864
8.692264556884766
8.75011157989502
8.50304126739502
8.510115146636963
8.952088356018066
8.580655336380005
8.568074703216553
8.603212833404541
8.623360872268677
8.581778049468994
8.592618227005005
8.596357822418213
8.625818014144897
8.601779222488403
8.605771780014038
8.605664253234863
8.685616493225098
8.613169431686401
8.676258563995361
8.617971897125244
8.631842374801636
8.698993444442749
8.632550954818726
8.586089611053467
8.72334623336792
8.63366985321045
8.672712087631226
8.628210544586182
8.570422410964966
8.646726369857788
8.639491319656372
8.667206287384033
8.69799017906189
8.66248893737793
8.701847791671753
8.673640489578247
8.82092571258545
8.733451843261719
8.661908149719238
8.627362251281738
8.766182899475098
8.681737661361694
8.779726028442383
8.651885747909546
8.603163719177246
8.681920289993286
8.699108839035034
8.68386960029602
8.717221975326538
8.788408041000366
8.677242755889893
8.647141456604004
8.624314785003662
8.705617666244507
8.689526319503784
8.741366147994995
8.655710220336914
8.704572677612305
8.663854837417603
8.74827790260315
8.726836442947388
8.653848886489868
8.725206136703491
8.657797574996948
8.697862148284912
8.7687406539917
8.809995889663696
8.795541763305664
8.726439952850342
8.758162260055542
8.736079454421997
8.776548147201538
8.71431040763855
8.684406042098999
8.834518671035767
8.741067171096802
8.810751676559448
8.712049722671509
8.68552279472351
8.787928104400635
8.76786494255066
8.78963327407837
8.78549337387085
8.783904790878296
8.771770715713501
8.746691942214966
8.786623477935791
8.711249113082886
8.82182502746582
9.971271276473999
8.803920030593872
8.800189018249512
8.8057222366333
8.712087631225586
8.724759101867676
8.758436679840088
8.73803448677063
8.74734878540039
8.796462297439575
8.818836212158203
8.7356116771698
8.686735391616821
8.737313747406006
8.75457215309143
8.716769456863403
8.707546710968018
8.695429801940918
8.683273553848267
8.705982446670532
8.897396326065063
8.769431829452515
8.725399494171143
8.735509395599365
8.789266109466553
8.88515019416809
8.903242111206055
8.820298194885254
8.84470272064209
8.830608129501343
8.96131944656372
8.787851810455322
8.824817895889282
9.38813042640686
8.847904205322266
8.844860315322876
8.793891906738281
8.788671255111694
8.851829528808594
8.8065505027771
8.862902164459229
8.86959981918335
8.842516422271729
8.84132194519043
8.832259893417358
8.855990409851074
8.937997341156006
8.947565078735352
8.83956789970398
8.9068284034729
8.823556184768677
8.80737853050232
8.88455080986023
8.889280796051025
8.871986865997314
8.903371095657349
8.903517007827759
8.828517198562622
8.813804626464844
8.910492897033691
8.851475238800049
8.93355679512024
8.951098918914795
8.916230916976929
8.892995119094849
9.003206491470337
8.879725456237793
8.871241331100464
8.939319610595703
8.980651617050171
8.87386703491211
9.01271104812622
8.954185009002686
8.8811354637146
8.96696138381958
9.008498191833496
8.9148690700531
9.003963232040405
9.08619737625122
8.969268321990967
8.971347332000732
9.145437479019165
9.014761924743652
8.976508378982544
8.971042394638062
9.080419301986694
9.032516956329346
9.049124002456665
9.056820154190063
8.97893500328064
9.03112268447876
9.03559684753418
9.075622320175171
9.011898279190063
9.082968950271606
9.11645770072937
9.075129747390747
9.086813688278198
9.07525897026062
9.100841999053955
9.13674521446228
9.180382490158081
9.092857599258423
9.080527305603027
9.190277338027954
9.11160135269165
9.119630575180054
9.18764352798462
9.146167993545532
9.113506555557251
11.135395765304565
9.388335227966309
9.500622034072876
9.76655888557434
9.518120765686035
9.53945255279541
9.559221744537354
9.565562963485718
9.494191408157349
9.664260149002075
9.537941932678223
9.501040935516357
9.616366863250732
9.71232795715332
9.606055736541748
9.576077461242676
9.518862247467041
9.56991720199585
9.868524312973022
9.908024311065674
9.49533987045288
9.821576118469238
9.61911654472351
9.712242841720581
9.779144287109375
9.53454875946045
9.587166547775269
9.540256261825562
9.61663556098938
9.775666236877441
9.74104905128479
9.812715530395508
9.740590572357178
9.630305290222168
9.721776008605957
9.681161642074585
9.863500595092773
9.703882455825806
9.703048944473267
9.77744436264038
9.680363893508911
9.823264360427856
9.628336906433105
9.859028100967407
9.750228881835938
9.853539228439331
9.771330118179321
10.286132574081421
9.781328678131104
9.74786114692688
9.955167055130005
9.840059041976929
9.845190048217773
9.90408182144165
9.774296522140503
9.918495893478394
9.739305973052979
9.916822671890259
9.918968200683594
9.738568305969238
10.01588249206543
9.805297374725342
9.9456307888031
9.830253839492798
9.8620285987854
9.772993564605713
9.942930459976196
10.00068974494934
9.897385120391846
9.985772132873535
9.998722314834595
9.89842677116394
9.856059789657593
9.974608659744263
9.9537672996521
9.899494647979736
9.931472301483154
9.983534336090088
9.993802547454834
10.010604619979858
10.031615495681763
9.915104389190674
9.938876867294312
9.88735294342041
10.038398265838623
10.090450048446655
10.02605390548706
10.147279262542725
9.968845129013062
9.924408435821533
11.86614441871643
10.105079889297485
10.12758994102478
10.027511596679688
10.069687843322754
10.13605785369873
10.139663219451904
10.19802474975586
10.086156368255615
10.105886936187744
10.214139223098755
10.3504798412323
10.222883701324463
10.173262596130371
10.151398420333862
10.050813436508179
10.213263750076294
10.143521785736084
10.091817617416382
10.183940887451172
10.098084688186646
10.139789342880249
10.17046594619751
10.140518426895142
10.143453121185303
10.224254608154297
10.198138952255249
10.335389137268066
10.354257822036743
10.16763973236084
10.201099395751953
10.258801937103271
10.293460369110107
10.356277465820312
10.25793981552124
10.308411359786987
10.24056363105774
10.216769218444824
10.425833463668823
10.214230060577393
10.327468395233154
10.3577401638031
10.351590871810913
10.370674848556519
10.399689435958862
10.305560827255249
10.485254526138306
10.286792993545532
10.298593282699585
10.445998191833496
10.367015838623047
10.394030094146729
10.34125018119812
10.392445087432861
10.472399473190308
10.923359870910645
10.386829376220703
10.396127223968506
10.579649448394775
10.476033449172974
10.478824138641357
10.491620302200317
10.495476722717285
10.473626852035522
10.39367127418518
10.527452945709229
10.531077146530151
10.524376630783081
10.552451610565186
10.525877475738525
10.50907278060913
10.570339441299438
10.598942995071411
10.623947143554688
10.637867450714111
10.672874450683594
10.66459035873413
10.535651922225952
10.703455924987793
11.572707414627075
10.654733180999756
10.658132314682007
11.161179304122925
10.54401183128357
10.614638090133667
10.690869569778442
10.60531210899353
10.800046443939209
10.837104320526123
10.763054609298706
10.879265546798706
10.89413332939148
10.696933269500732
10.748316049575806
10.813472032546997
10.748332738876343
10.768468379974365
10.733253240585327
10.82944393157959
10.869614362716675
10.809637308120728
10.84404468536377
10.756584882736206
10.989195346832275
10.902046203613281
11.001988887786865
10.862257480621338
10.894837141036987
10.903723001480103
10.785846710205078
11.122572183609009
10.899323225021362
10.881780624389648
11.022886753082275
11.042009115219116
10.94036078453064
11.079999685287476
11.005587816238403
10.938271760940552
11.183380842208862
10.898110389709473
10.944259643554688
10.990248441696167
10.916422605514526
11.072303533554077
11.025827407836914
10.869107484817505
11.010164737701416
11.074036121368408
11.170276165008545
11.161217212677002
10.960705280303955
11.025787830352783
11.15940260887146
11.075840711593628
11.10172724723816
10.934310674667358
11.14724612236023
11.002115964889526
11.209038972854614
11.25547480583191
11.152466297149658
11.15745210647583
11.091466903686523
11.149715185165405
11.12118911743164
11.025899648666382
11.195028305053711
11.041357278823853
11.180109024047852
11.096641302108765
11.263176441192627
11.105555772781372
11.235657453536987
11.228853940963745
11.195306301116943
11.174554347991943
11.53027892112732
11.136376142501831
11.3448326587677
11.763823747634888
11.315013885498047
11.330593824386597
11.1539945602417
13.2281653881073
11.326316595077515
11.156587362289429
11.18396806716919
11.174827098846436
11.185938835144043
11.410720109939575
11.302757024765015
11.521864652633667
11.151019811630249
11.333451747894287
11.399386882781982
11.255040168762207
11.453784942626953
11.22518515586853
11.429532766342163
11.427685260772705
11.329891681671143
11.339233160018921
11.299161911010742
11.281142473220825
11.559595108032227
11.26571774482727
11.318108558654785
11.270036697387695
11.251749753952026
11.61504602432251
11.361672639846802
11.492558240890503
11.351300716400146
11.554503917694092
11.529561281204224
11.486456155776978
11.429749011993408
11.357537984848022
11.507599830627441
11.566775560379028
11.525711059570312
11.567553281784058
